@development survivor-18
733143734257211422
675527644454753625
431121437763272133
267572563457375342
541414266551556167
141661541132616425
533331622133657562
673657755671347247
665754123117164553
547775666545132174
563656315322332771
741754576323171432
465622252675522545
511625451461644213
722467776566245674
166561512452352574
@development survivor-22
7653257274365217357255
3414533556311534672553
1613746246375775315133
4345663363633152611747
1152334277231375513623
5652333355624722755617
6457413463261657653652
5521555562633377644246
3514135274142737657733
5134622767472216751221
1375446752721572134431
3564474123754172275673
7361242516433661542433
4111523775123533444337
4744713732756455123275
1674152161711762274562
@development survivor-26
64644617676154351337612334
52243173532577777445341215
14645634226632275144663247
62752242213346624736136776
32756626444611656432553112
33142332636616764341222464
31357564672776531412747255
76173652122677615565226752
65763371552317472352267516
24227133277715312337143562
55247134657757465754112221
34257741622136312725431634
26643337117277615135356773
56255345634452623671746116
17415641543313415716756667
71174627255653427246255524
@development survivor-30
765635512565212433345662132146
517666751512241112463335627363
133516422275262576176371321733
165327135263513772767126476563
372143623772351657361174252667
225327547714457264332123646473
773461526666253434565321372355
177441635275666334142543236641
351327357564471174627374635551
216167577713635511144277254444
777413441642367433715612223142
143633153416346623776747544272
562336247144344641671525656111
743611664536223163132324446772
312156355314341717436443676146
556375552612676427442752737446
@development survivor-34
5415154536614462632757372113315663
1724137451322231132134653276766747
2325422715272651555314633413761774
2313456467534155757156164744116677
2772715626563453477332732231155514
6566632723457762137516544441472112
2424615556244714546222731656167537
5651655564352411643323313676771127
7631716625173745521654743514657146
5464657723657314752155733323121711
6567332725514464317645355344321227
3326135274336366254466754155511712
5735423737562671261335222157536766
7727766123661122416445622134177435
2257616322632661171765215543557137
6257266333371171415623361521677227
@developmentNeutral certified-neutral
75165252363633316615455717317442
727672477451347246211133442313
6726675214154367243414622355567751
3413376761522137524554723573246526
37456675733246545534513644677322
6256312653343244355647754315611241
64626751357745513215743546631
374465625663334556546344
325775761335175476253113432262
5664314442333273213466141271656527
4115545662233752473173437372211
44371226334246211432657526611463
565262532162123136753142571574631
1363555677622236675535713
6416261554745751212645651714734
361163363674336746511724721454
6721637157156276612625333213551354
2177515567151633653631227614367223
452357744126433442372273671531266
4165744467632277122474272136333111
2137341754341123512763454475771562
7143671234361247422553734235517
567132665273651532711533516436277
63166621765513735635731437225251
@holdout survivor-18
277366234637226271
532744254534763714
576163764572724524
557333552557747311
141171256541226646
366542124441652257
731424222311641656
176456343425732511
274531434373343427
555764721774115457
133556462633531415
511522725421446747
115231311543366432
367326622737325221
766534517752315577
215246732722215163
@holdout survivor-22
3462261527623227773513
7345522346574215112177
4117534323713724414747
1446371333722621742664
7714762143112323473271
2136512372647474612557
6232153352675165714753
5276266131532175543727
3636444551463212515144
6363115144524366141747
5142211546571213736227
2437537757447765532556
6662432147112142621455
6714613634234564445221
3471222465412551676457
4172466443327315373745
@holdout survivor-26
31472645672336121253373652
61676434177176553724672652
47526361262434725565161645
44675667122746774416262473
71674765116745231533527535
52533764333223244554471161
67312116123563542616533763
56767167646241141737522323
46733371756617135453241467
13437244512172325674152346
27743723731715316413721341
31455623533761717336126677
44737751431125451531762471
42256716437677437127256513
11342241676427773443453613
22713446733614633573215517
@holdout survivor-30
313626374425222716635736762754
612174634616637574654533123154
621114172327634113774727566244
445616236145664276774575347317
473532134752125156117667166376
265122213255726656611443165415
314221122524537567117757235356
241653414556255662473162116312
356176542326566153633142357277
154256131632437766333627552444
124647112574512575114667247546
127355737125151134344316553467
256742134234177742273467342363
132336176572213766513757416355
226716462273337443231446146267
623467145762574134423177432213
@holdout survivor-34
5553454155446422242611362266677777
5423246335616634316677555375722217
3335277734432362642677264474211165
1533553355363441152126616664247447
7114126575743321553563213562377712
2233417347473166321165327177156665
5517257117522237125135772666661363
1725675337227414267552567512336116
2734541167765647336422216711164453
5333247564576535326214727617221173
4757627225666457627543145275326311
4241327724662727347265674516356155
3625173371312311162557667576655273
7356344372754663646525277711143124
6141565263341743745336616447212137
6757132777626422533645327251336615
@holdoutNeutral certified-neutral
3133644526114262164656251513573454
22321152351767535357332516716
755553466217527522341731314361671
51421424531562436724511415523336
353236136565375645317212265
6362433616731677411423116275322
5342341754427146334621223257655
766552173651651242567765313311222
1535476347611435143267552126356371
44165655427634341511733252247752
3326253355267363176716567154154212
12454254223767772145533233567134
1554313146243513741154567735377266
34555643257564313357316122177
7522317115136265665457235317317623
3231314475664372467342576431556557
73773744125251472172334134341
4437125135214334442271723535551
53636661222462231531751316127755
661373353465335657274227752511127
27277276347734211444612624163331
12752565363363323117552665672177
475236422452234476611512334153565
1761215421225326573277346563136
@stress
111211323233353644467757557556
1112113235333636444666775755755
31311112427223237474434774
3131111242522323737474464774
3131111242722323737774744644
13141122222744546555545667676677
1131525335373355656767767
3222525335373355656767767
1131525334353755656767767
3335454454445557667676677
31433544644556555776766774
32433544644556555776766774
31111152533435334455456646466
31111152533435374455456646466
31111153343733445555456646466
5444456555656667777
323254456555656667777
315444456555656667777
32433363644445555456666
33334364444465555657666
313112115222233334444474
313112117222233334444474
3131121152222333344444747
41122331311442422553575773737
11111222222536333344464466646
11111222222636333344474466646
111112222225363333444644666467
51115252227332323556636665
411152522252733235335665666
5111511252227332323556636665
1353356666775755657
5363353666775755657
122353356666775755657
1414242566565655776775
1414244566565655776775
1424244566565655776775
1121141633443434336656776776
1131131436443433546656776776
2151111213252233336365576666777
21511112132522333363655566677776
21511112232233336365655556677776
212112111224336666363633775755757
2111416262232425443433346677777
2111416262232444243433667777773
2111426223242544343364667777773
21141121142234373343445755656775
21141121142234373343445755677575
411211633232244243433
411211733232244243433
41121163323224424343355
3111115252733433357575577
3111115252733533357556777
3111115253343335757556777
1113112322526333355556667676775
@anchors
663152175
41267575
4126757563
